[ 2001.728837] [Project1] 3045 1588074217.699001977 1588074218.604889039
[ 2003.439428] [Project1] 3046 1588074219.439247496 1588074220.315517370
[ 2005.141269] [Project1] 3047 1588074221.137765500 1588074222.017374777
[ 2006.897903] [Project1] 3048 1588074222.888814938 1588074223.774023994
[ 2008.614965] [Project1] 3049 1588074224.633606254 1588074225.491101823
[ 2010.346824] [Project1] 3050 1588074226.363232957 1588074227.222975884
[ 2012.133761] [Project1] 3051 1588074228.154894495 1588074229.009929005
[ 2013.877017] [Project1] 3052 1588074229.880864083 1588074230.753163407
[ 2015.570091] [Project1] 3055 1588074231.594479541 1588074232.446289273
[ 2017.291985] [Project1] 3056 1588074233.298463951 1588074234.168199307
